1501402018
2208007026
2301703006
2303006001
2303006009
2303709056
2304202006
2304202008
2304202016
2304202019
2304202023
2304277004
2304400014
2304400047
2304400064
2304400065
2304400083
2304400087
2304400092
2304400101
2304400106
2307106010
2307106011
2608008003
2910800003
3106200199
3114303006
3170701034
3170701036
3201209003
3201209039
3201209068
3205002007
3205002056
3300605002
3303500052
3304557086
3304557116
3502309011
3511102023
3522109005
3522109007
3522109009
3522109010
3522109036
3522109041
3522109042
3522109043
3522109044
3524402001
3524402002
3524402003
3524402004
3524402005
3524402006
3524402007
3524402008
3524402009
3524402010
3524402011
3524402012
3524402013
3524402015
3524402016
3524402017
3525904005
3529401001
3529401002
3529401003
3529401004
3529401005
3529401006
3529401007
3529401008
3529401009
3529401010
3529401011
3529401012
3529401013
3529401014
3543402001
3543402002
3543402003
3543402004
3543402005
3543402006
3543402007
3543402008
3543402009
3543402010
3543402011
3543402012
3543402013
3543402014
3543402015
3543402016
3543402017
3543402018
3543402019
3543402020
3543402021
3543402022
3543402023
3543402024
3543402025
3543402026
3543402027
3543402028
3543402029
3543402030
3543402031
3543402032
3543402033
3543402034
3543402035
3543402036
3543402037
3543402038
3543402039
3543402040
3543402041
3543402042
3549805010
3549805012
3549805031
3549805032
3549805033
3549805034
3549805055
3552403001
3552403002
3552403003
3552403004
3552403005
3552403006
3554003013
3555406008
3555406020
3555406021
3555406022
3555406024
3555406030
3555406031
3555406037
3555406038
3555406039
3555406044
3555406056
3555406057
3555406058
4105508005
4115200111
4115200112
4215802014
4302709001
4316808003
5100201004
5104203004
5104203007
5104203009
5107602090
5107602152
5107602154
5107602155
